1.1 1 20 0.9525
1.1 1 21 0.9525
1.1 1 22 0.9525
1.1 1 23 0.9525
1.1 1 24 0.9525
1.1 1 25 0.9525
1.1 1 26 0.9525
1.1 1 27 0.9525
1.1 1 28 0.9525
1.1 1 29 0.9525
1.1 1 30 0.9525
1.1 1 31 0.9525
1.1 1 32 0.9525
1.1 1 33 0.9525
1.1 1 34 0.9525
1.1 1 35 0.9525
1.1 1 36 0.9525
1.1 1 37 0.9525
1.1 1 38 0.9525
1.1 1 39 0.9525
1.1 2 20 0.9325
1.1 2 21 0.9325
1.1 2 22 0.9325
1.1 2 23 0.9325
1.1 2 24 0.9325
1.1 2 25 0.9325
1.1 2 26 0.9325
1.1 2 27 0.9325
1.1 2 28 0.9325
1.1 2 29 0.9325
1.1 2 30 0.9325
1.1 2 31 0.9325
1.1 2 32 0.9325
1.1 2 33 0.9325
1.1 2 34 0.9325
1.1 2 35 0.9325
1.1 2 36 0.9325
1.1 2 37 0.9325
1.1 2 38 0.9325
1.1 2 39 0.9325
1.1 3 20 0.9175
1.1 3 21 0.9175
1.1 3 22 0.9175
1.1 3 23 0.9175
1.1 3 24 0.9175
1.1 3 25 0.9175
1.1 3 26 0.9175
1.1 3 27 0.9175
1.1 3 28 0.9175
1.1 3 29 0.9175
1.1 3 30 0.9175
1.1 3 31 0.9175
1.1 3 32 0.9175
1.1 3 33 0.9175
1.1 3 34 0.9175
1.1 3 35 0.9175
1.1 3 36 0.9175
1.1 3 37 0.9175
1.1 3 38 0.9175
1.1 3 39 0.9175
1.1 4 20 0.8875
1.1 4 21 0.8875
1.1 4 22 0.8875
1.1 4 23 0.8875
1.1 4 24 0.8875
1.1 4 25 0.8875
1.1 4 26 0.8875
1.1 4 27 0.8875
1.1 4 28 0.8875
1.1 4 29 0.8875
1.1 4 30 0.8875
1.1 4 31 0.8875
1.1 4 32 0.8875
1.1 4 33 0.8875
1.1 4 34 0.8875
1.1 4 35 0.8875
1.1 4 36 0.8875
1.1 4 37 0.8875
1.1 4 38 0.8875
1.1 4 39 0.8875
1.1 5 20 0.8725
1.1 5 21 0.8725
1.1 5 22 0.8725
1.1 5 23 0.8725
1.1 5 24 0.8725
1.1 5 25 0.8725
1.1 5 26 0.8725
1.1 5 27 0.8725
1.1 5 28 0.8725
1.1 5 29 0.8725
1.1 5 30 0.8725
1.1 5 31 0.8725
1.1 5 32 0.8725
1.1 5 33 0.8725
1.1 5 34 0.8725
1.1 5 35 0.8725
1.1 5 36 0.8725
1.1 5 37 0.8725
1.1 5 38 0.8725
1.1 5 39 0.8725
1.1 6 20 0.8525
1.1 6 21 0.8525
1.1 6 22 0.8525
1.1 6 23 0.8525
1.1 6 24 0.8525
1.1 6 25 0.8525
1.1 6 26 0.8525
1.1 6 27 0.8525
1.1 6 28 0.8525
1.1 6 29 0.8525
1.1 6 30 0.8525
1.1 6 31 0.8525
1.1 6 32 0.8525
1.1 6 33 0.8525
1.1 6 34 0.8525
1.1 6 35 0.8525
1.1 6 36 0.8525
1.1 6 37 0.8525
1.1 6 38 0.8525
1.1 6 39 0.8525
1.1 7 20 0.835
1.1 7 21 0.835
1.1 7 22 0.835
1.1 7 23 0.835
1.1 7 24 0.835
1.1 7 25 0.835
1.1 7 26 0.835
1.1 7 27 0.835
1.1 7 28 0.835
1.1 7 29 0.835
1.1 7 30 0.835
1.1 7 31 0.835
1.1 7 32 0.835
1.1 7 33 0.835
1.1 7 34 0.835
1.1 7 35 0.835
1.1 7 36 0.835
1.1 7 37 0.835
1.1 7 38 0.835
1.1 7 39 0.835
1.1 8 20 0.8025
1.1 8 21 0.8025
1.1 8 22 0.8025
1.1 8 23 0.8025
1.1 8 24 0.8025
1.1 8 25 0.8025
1.1 8 26 0.8025
1.1 8 27 0.8025
1.1 8 28 0.8025
1.1 8 29 0.8025
1.1 8 30 0.8025
1.1 8 31 0.8025
1.1 8 32 0.8025
1.1 8 33 0.8025
1.1 8 34 0.8025
1.1 8 35 0.8025
1.1 8 36 0.8025
1.1 8 37 0.8025
1.1 8 38 0.8025
1.1 8 39 0.8025
1.1 9 20 0.7775
1.1 9 21 0.7775
1.1 9 22 0.7775
1.1 9 23 0.7775
1.1 9 24 0.7775
1.1 9 25 0.7775
1.1 9 26 0.7775
1.1 9 27 0.7775
1.1 9 28 0.7775
1.1 9 29 0.7775
1.1 9 30 0.7775
1.1 9 31 0.7775
1.1 9 32 0.7775
1.1 9 33 0.7775
1.1 9 34 0.7775
1.1 9 35 0.7775
1.1 9 36 0.7775
1.1 9 37 0.7775
1.1 9 38 0.7775
1.1 9 39 0.7775
1.2 1 20 0.91
1.2 1 21 0.91
1.2 1 22 0.91
1.2 1 23 0.91
1.2 1 24 0.91
1.2 1 25 0.91
1.2 1 26 0.91
1.2 1 27 0.91
1.2 1 28 0.91
1.2 1 29 0.91
1.2 1 30 0.91
1.2 1 31 0.91
1.2 1 32 0.91
1.2 1 33 0.91
1.2 1 34 0.91
1.2 1 35 0.91
1.2 1 36 0.91
1.2 1 37 0.91
1.2 1 38 0.91
1.2 1 39 0.91
1.2 2 20 0.875
1.2 2 21 0.875
1.2 2 22 0.875
1.2 2 23 0.875
1.2 2 24 0.875
1.2 2 25 0.875
1.2 2 26 0.875
1.2 2 27 0.875
1.2 2 28 0.875
1.2 2 29 0.875
1.2 2 30 0.875
1.2 2 31 0.875
1.2 2 32 0.875
1.2 2 33 0.875
1.2 2 34 0.875
1.2 2 35 0.875
1.2 2 36 0.875
1.2 2 37 0.875
1.2 2 38 0.875
1.2 2 39 0.875
1.2 3 20 0.8225
1.2 3 21 0.8225
1.2 3 22 0.8225
1.2 3 23 0.8225
1.2 3 24 0.8225
1.2 3 25 0.8225
1.2 3 26 0.8225
1.2 3 27 0.8225
1.2 3 28 0.8225
1.2 3 29 0.8225
1.2 3 30 0.8225
1.2 3 31 0.8225
1.2 3 32 0.8225
1.2 3 33 0.8225
1.2 3 34 0.8225
1.2 3 35 0.8225
1.2 3 36 0.8225
1.2 3 37 0.8225
1.2 3 38 0.8225
1.2 3 39 0.8225
1.2 4 20 0.7725
1.2 4 21 0.7725
1.2 4 22 0.7725
1.2 4 23 0.7725
1.2 4 24 0.7725
1.2 4 25 0.7725
1.2 4 26 0.7725
1.2 4 27 0.7725
1.2 4 28 0.7725
1.2 4 29 0.7725
1.2 4 30 0.7725
1.2 4 31 0.7725
1.2 4 32 0.7725
1.2 4 33 0.7725
1.2 4 34 0.7725
1.2 4 35 0.7725
1.2 4 36 0.7725
1.2 4 37 0.7725
1.2 4 38 0.7725
1.2 4 39 0.7725
1.2 5 20 0.7375
1.2 5 21 0.7375
1.2 5 22 0.7375
1.2 5 23 0.7375
1.2 5 24 0.7375
1.2 5 25 0.7375
1.2 5 26 0.7375
1.2 5 27 0.7375
1.2 5 28 0.7375
1.2 5 29 0.7375
1.2 5 30 0.7375
1.2 5 31 0.7375
1.2 5 32 0.7375
1.2 5 33 0.7375
1.2 5 34 0.7375
1.2 5 35 0.7375
1.2 5 36 0.7375
1.2 5 37 0.7375
1.2 5 38 0.7375
1.2 5 39 0.7375
1.2 6 20 0.7025
1.2 6 21 0.7025
1.2 6 22 0.7025
1.2 6 23 0.7025
1.2 6 24 0.7025
1.2 6 25 0.7025
1.2 6 26 0.7025
1.2 6 27 0.7025
1.2 6 28 0.7025
1.2 6 29 0.7025
1.2 6 30 0.7025
1.2 6 31 0.7025
1.2 6 32 0.7025
1.2 6 33 0.7025
1.2 6 34 0.7025
1.2 6 35 0.7025
1.2 6 36 0.7025
1.2 6 37 0.7025
1.2 6 38 0.7025
1.2 6 39 0.7025
1.2 7 20 0.6625
1.2 7 21 0.6625
1.2 7 22 0.6625
1.2 7 23 0.6625
1.2 7 24 0.6625
1.2 7 25 0.6625
1.2 7 26 0.6625
1.2 7 27 0.6625
1.2 7 28 0.6625
1.2 7 29 0.6625
1.2 7 30 0.6625
1.2 7 31 0.6625
1.2 7 32 0.6625
1.2 7 33 0.6625
1.2 7 34 0.6625
1.2 7 35 0.6625
1.2 7 36 0.6625
1.2 7 37 0.6625
1.2 7 38 0.6625
1.2 7 39 0.6625
1.2 8 20 0.5975
1.2 8 21 0.5975
1.2 8 22 0.5975
1.2 8 23 0.5975
1.2 8 24 0.5975
1.2 8 25 0.5975
1.2 8 26 0.5975
1.2 8 27 0.5975
1.2 8 28 0.5975
1.2 8 29 0.5975
1.2 8 30 0.5975
1.2 8 31 0.5975
1.2 8 32 0.5975
1.2 8 33 0.5975
1.2 8 34 0.5975
1.2 8 35 0.5975
1.2 8 36 0.5975
1.2 8 37 0.5975
1.2 8 38 0.5975
1.2 8 39 0.5975
1.2 9 20 0.5375
1.2 9 21 0.5375
1.2 9 22 0.5375
1.2 9 23 0.5375
1.2 9 24 0.5375
1.2 9 25 0.5375
1.2 9 26 0.5375
1.2 9 27 0.5375
1.2 9 28 0.5375
1.2 9 29 0.5375
1.2 9 30 0.5375
1.2 9 31 0.5375
1.2 9 32 0.5375
1.2 9 33 0.5375
1.2 9 34 0.5375
1.2 9 35 0.5375
1.2 9 36 0.5375
1.2 9 37 0.5375
1.2 9 38 0.5375
1.2 9 39 0.5375
1.3 1 20 0.7925
1.3 1 21 0.7925
1.3 1 22 0.7925
1.3 1 23 0.7925
1.3 1 24 0.7925
1.3 1 25 0.7925
1.3 1 26 0.7925
1.3 1 27 0.7925
1.3 1 28 0.7925
1.3 1 29 0.7925
1.3 1 30 0.7925
1.3 1 31 0.7925
1.3 1 32 0.7925
1.3 1 33 0.7925
1.3 1 34 0.7925
1.3 1 35 0.7925
1.3 1 36 0.7925
1.3 1 37 0.7925
1.3 1 38 0.7925
1.3 1 39 0.7925
1.3 2 20 0.73
1.3 2 21 0.73
1.3 2 22 0.73
1.3 2 23 0.73
1.3 2 24 0.73
1.3 2 25 0.73
1.3 2 26 0.73
1.3 2 27 0.73
1.3 2 28 0.73
1.3 2 29 0.73
1.3 2 30 0.73
1.3 2 31 0.73
1.3 2 32 0.73
1.3 2 33 0.73
1.3 2 34 0.73
1.3 2 35 0.73
1.3 2 36 0.73
1.3 2 37 0.73
1.3 2 38 0.73
1.3 2 39 0.73
1.3 3 20 0.6625
1.3 3 21 0.6625
1.3 3 22 0.6625
1.3 3 23 0.6625
1.3 3 24 0.6625
1.3 3 25 0.6625
1.3 3 26 0.6625
1.3 3 27 0.6625
1.3 3 28 0.6625
1.3 3 29 0.6625
1.3 3 30 0.6625
1.3 3 31 0.6625
1.3 3 32 0.6625
1.3 3 33 0.6625
1.3 3 34 0.6625
1.3 3 35 0.6625
1.3 3 36 0.6625
1.3 3 37 0.6625
1.3 3 38 0.6625
1.3 3 39 0.6625
1.3 4 20 0.6
1.3 4 21 0.6
1.3 4 22 0.6
1.3 4 23 0.6
1.3 4 24 0.6
1.3 4 25 0.6
1.3 4 26 0.6
1.3 4 27 0.6
1.3 4 28 0.6
1.3 4 29 0.6
1.3 4 30 0.6
1.3 4 31 0.6
1.3 4 32 0.6
1.3 4 33 0.6
1.3 4 34 0.6
1.3 4 35 0.6
1.3 4 36 0.6
1.3 4 37 0.6
1.3 4 38 0.6
1.3 4 39 0.6
1.3 5 20 0.5525
1.3 5 21 0.5525
1.3 5 22 0.5525
1.3 5 23 0.5525
1.3 5 24 0.5525
1.3 5 25 0.5525
1.3 5 26 0.5525
1.3 5 27 0.5525
1.3 5 28 0.5525
1.3 5 29 0.5525
1.3 5 30 0.5525
1.3 5 31 0.5525
1.3 5 32 0.5525
1.3 5 33 0.5525
1.3 5 34 0.5525
1.3 5 35 0.5525
1.3 5 36 0.5525
1.3 5 37 0.5525
1.3 5 38 0.5525
1.3 5 39 0.5525
1.3 6 20 0.495
1.3 6 21 0.495
1.3 6 22 0.495
1.3 6 23 0.495
1.3 6 24 0.495
1.3 6 25 0.495
1.3 6 26 0.495
1.3 6 27 0.495
1.3 6 28 0.495
1.3 6 29 0.495
1.3 6 30 0.495
1.3 6 31 0.495
1.3 6 32 0.495
1.3 6 33 0.495
1.3 6 34 0.495
1.3 6 35 0.495
1.3 6 36 0.495
1.3 6 37 0.495
1.3 6 38 0.495
1.3 6 39 0.495
1.3 7 20 0.435
1.3 7 21 0.435
1.3 7 22 0.435
1.3 7 23 0.435
1.3 7 24 0.435
1.3 7 25 0.435
1.3 7 26 0.435
1.3 7 27 0.435
1.3 7 28 0.435
1.3 7 29 0.435
1.3 7 30 0.435
1.3 7 31 0.435
1.3 7 32 0.435
1.3 7 33 0.435
1.3 7 34 0.435
1.3 7 35 0.435
1.3 7 36 0.435
1.3 7 37 0.435
1.3 7 38 0.435
1.3 7 39 0.435
1.3 8 20 0.3525
1.3 8 21 0.3525
1.3 8 22 0.3525
1.3 8 23 0.3525
1.3 8 24 0.3525
1.3 8 25 0.3525
1.3 8 26 0.3525
1.3 8 27 0.3525
1.3 8 28 0.3525
1.3 8 29 0.3525
1.3 8 30 0.3525
1.3 8 31 0.3525
1.3 8 32 0.3525
1.3 8 33 0.3525
1.3 8 34 0.3525
1.3 8 35 0.3525
1.3 8 36 0.3525
1.3 8 37 0.3525
1.3 8 38 0.3525
1.3 8 39 0.3525
1.3 9 20 0.2825
1.3 9 21 0.2825
1.3 9 22 0.2825
1.3 9 23 0.2825
1.3 9 24 0.2825
1.3 9 25 0.2825
1.3 9 26 0.2825
1.3 9 27 0.2825
1.3 9 28 0.2825
1.3 9 29 0.2825
1.3 9 30 0.2825
1.3 9 31 0.2825
1.3 9 32 0.2825
1.3 9 33 0.2825
1.3 9 34 0.2825
1.3 9 35 0.2825
1.3 9 36 0.2825
1.3 9 37 0.2825
1.3 9 38 0.2825
1.3 9 39 0.2825
1.4 1 20 0.8075
1.4 1 21 0.8075
1.4 1 22 0.8075
1.4 1 23 0.8075
1.4 1 24 0.8075
1.4 1 25 0.8075
1.4 1 26 0.8075
1.4 1 27 0.8075
1.4 1 28 0.8075
1.4 1 29 0.8075
1.4 1 30 0.8075
1.4 1 31 0.8075
1.4 1 32 0.8075
1.4 1 33 0.8075
1.4 1 34 0.8075
1.4 1 35 0.8075
1.4 1 36 0.8075
1.4 1 37 0.8075
1.4 1 38 0.8075
1.4 1 39 0.8075
1.4 2 20 0.7725
1.4 2 21 0.7725
1.4 2 22 0.7725
1.4 2 23 0.7725
1.4 2 24 0.7725
1.4 2 25 0.7725
1.4 2 26 0.7725
1.4 2 27 0.7725
1.4 2 28 0.7725
1.4 2 29 0.7725
1.4 2 30 0.7725
1.4 2 31 0.7725
1.4 2 32 0.7725
1.4 2 33 0.7725
1.4 2 34 0.7725
1.4 2 35 0.7725
1.4 2 36 0.7725
1.4 2 37 0.7725
1.4 2 38 0.7725
1.4 2 39 0.7725
1.4 3 20 0.715
1.4 3 21 0.715
1.4 3 22 0.715
1.4 3 23 0.715
1.4 3 24 0.715
1.4 3 25 0.715
1.4 3 26 0.715
1.4 3 27 0.715
1.4 3 28 0.715
1.4 3 29 0.715
1.4 3 30 0.715
1.4 3 31 0.715
1.4 3 32 0.715
1.4 3 33 0.715
1.4 3 34 0.715
1.4 3 35 0.715
1.4 3 36 0.715
1.4 3 37 0.715
1.4 3 38 0.715
1.4 3 39 0.715
1.4 4 20 0.6575
1.4 4 21 0.6575
1.4 4 22 0.6575
1.4 4 23 0.6575
1.4 4 24 0.6575
1.4 4 25 0.6575
1.4 4 26 0.6575
1.4 4 27 0.6575
1.4 4 28 0.6575
1.4 4 29 0.6575
1.4 4 30 0.6575
1.4 4 31 0.6575
1.4 4 32 0.6575
1.4 4 33 0.6575
1.4 4 34 0.6575
1.4 4 35 0.6575
1.4 4 36 0.6575
1.4 4 37 0.6575
1.4 4 38 0.6575
1.4 4 39 0.6575
1.4 5 20 0.5875
1.4 5 21 0.5875
1.4 5 22 0.5875
1.4 5 23 0.5875
1.4 5 24 0.5875
1.4 5 25 0.5875
1.4 5 26 0.5875
1.4 5 27 0.5875
1.4 5 28 0.5875
1.4 5 29 0.5875
1.4 5 30 0.5875
1.4 5 31 0.5875
1.4 5 32 0.5875
1.4 5 33 0.5875
1.4 5 34 0.5875
1.4 5 35 0.5875
1.4 5 36 0.5875
1.4 5 37 0.5875
1.4 5 38 0.5875
1.4 5 39 0.5875
1.4 6 20 0.5175
1.4 6 21 0.5175
1.4 6 22 0.5175
1.4 6 23 0.5175
1.4 6 24 0.5175
1.4 6 25 0.5175
1.4 6 26 0.5175
1.4 6 27 0.5175
1.4 6 28 0.5175
1.4 6 29 0.5175
1.4 6 30 0.5175
1.4 6 31 0.5175
1.4 6 32 0.5175
1.4 6 33 0.5175
1.4 6 34 0.5175
1.4 6 35 0.5175
1.4 6 36 0.5175
1.4 6 37 0.5175
1.4 6 38 0.5175
1.4 6 39 0.5175
1.4 7 20 0.4325
1.4 7 21 0.4325
1.4 7 22 0.4325
1.4 7 23 0.4325
1.4 7 24 0.4325
1.4 7 25 0.4325
1.4 7 26 0.4325
1.4 7 27 0.4325
1.4 7 28 0.4325
1.4 7 29 0.4325
1.4 7 30 0.4325
1.4 7 31 0.4325
1.4 7 32 0.4325
1.4 7 33 0.4325
1.4 7 34 0.4325
1.4 7 35 0.4325
1.4 7 36 0.4325
1.4 7 37 0.4325
1.4 7 38 0.4325
1.4 7 39 0.4325
1.4 8 20 0.355
1.4 8 21 0.355
1.4 8 22 0.355
1.4 8 23 0.355
1.4 8 24 0.355
1.4 8 25 0.355
1.4 8 26 0.355
1.4 8 27 0.355
1.4 8 28 0.355
1.4 8 29 0.355
1.4 8 30 0.355
1.4 8 31 0.355
1.4 8 32 0.355
1.4 8 33 0.355
1.4 8 34 0.355
1.4 8 35 0.355
1.4 8 36 0.355
1.4 8 37 0.355
1.4 8 38 0.355
1.4 8 39 0.355
1.4 9 20 0.2525
1.4 9 21 0.2525
1.4 9 22 0.2525
1.4 9 23 0.2525
1.4 9 24 0.2525
1.4 9 25 0.2525
1.4 9 26 0.2525
1.4 9 27 0.2525
1.4 9 28 0.2525
1.4 9 29 0.2525
1.4 9 30 0.2525
1.4 9 31 0.2525
1.4 9 32 0.2525
1.4 9 33 0.2525
1.4 9 34 0.2525
1.4 9 35 0.2525
1.4 9 36 0.2525
1.4 9 37 0.2525
1.4 9 38 0.2525
1.4 9 39 0.2525
1.5 1 20 0.6525
1.5 1 21 0.6525
1.5 1 22 0.6525
1.5 1 23 0.6525
1.5 1 24 0.6525
1.5 1 25 0.6525
1.5 1 26 0.6525
1.5 1 27 0.6525
1.5 1 28 0.6525
1.5 1 29 0.6525
1.5 1 30 0.6525
1.5 1 31 0.6525
1.5 1 32 0.6525
1.5 1 33 0.6525
1.5 1 34 0.6525
1.5 1 35 0.6525
1.5 1 36 0.6525
1.5 1 37 0.6525
1.5 1 38 0.6525
1.5 1 39 0.6525
1.5 2 20 0.5725
1.5 2 21 0.5725
1.5 2 22 0.5725
1.5 2 23 0.5725
1.5 2 24 0.5725
1.5 2 25 0.5725
1.5 2 26 0.5725
1.5 2 27 0.5725
1.5 2 28 0.5725
1.5 2 29 0.5725
1.5 2 30 0.5725
1.5 2 31 0.5725
1.5 2 32 0.5725
1.5 2 33 0.5725
1.5 2 34 0.5725
1.5 2 35 0.5725
1.5 2 36 0.5725
1.5 2 37 0.5725
1.5 2 38 0.5725
1.5 2 39 0.5725
1.5 3 20 0.4925
1.5 3 21 0.4925
1.5 3 22 0.4925
1.5 3 23 0.4925
1.5 3 24 0.4925
1.5 3 25 0.4925
1.5 3 26 0.4925
1.5 3 27 0.4925
1.5 3 28 0.4925
1.5 3 29 0.4925
1.5 3 30 0.4925
1.5 3 31 0.4925
1.5 3 32 0.4925
1.5 3 33 0.4925
1.5 3 34 0.4925
1.5 3 35 0.4925
1.5 3 36 0.4925
1.5 3 37 0.4925
1.5 3 38 0.4925
1.5 3 39 0.4925
1.5 4 20 0.41
1.5 4 21 0.41
1.5 4 22 0.41
1.5 4 23 0.41
1.5 4 24 0.41
1.5 4 25 0.41
1.5 4 26 0.41
1.5 4 27 0.41
1.5 4 28 0.41
1.5 4 29 0.41
1.5 4 30 0.41
1.5 4 31 0.41
1.5 4 32 0.41
1.5 4 33 0.41
1.5 4 34 0.41
1.5 4 35 0.41
1.5 4 36 0.41
1.5 4 37 0.41
1.5 4 38 0.41
1.5 4 39 0.41
1.5 5 20 0.355
1.5 5 21 0.355
1.5 5 22 0.355
1.5 5 23 0.355
1.5 5 24 0.355
1.5 5 25 0.355
1.5 5 26 0.355
1.5 5 27 0.355
1.5 5 28 0.355
1.5 5 29 0.355
1.5 5 30 0.355
1.5 5 31 0.355
1.5 5 32 0.355
1.5 5 33 0.355
1.5 5 34 0.355
1.5 5 35 0.355
1.5 5 36 0.355
1.5 5 37 0.355
1.5 5 38 0.355
1.5 5 39 0.355
1.5 6 20 0.2875
1.5 6 21 0.2875
1.5 6 22 0.2875
1.5 6 23 0.2875
1.5 6 24 0.2875
1.5 6 25 0.2875
1.5 6 26 0.2875
1.5 6 27 0.2875
1.5 6 28 0.2875
1.5 6 29 0.2875
1.5 6 30 0.2875
1.5 6 31 0.2875
1.5 6 32 0.2875
1.5 6 33 0.2875
1.5 6 34 0.2875
1.5 6 35 0.2875
1.5 6 36 0.2875
1.5 6 37 0.2875
1.5 6 38 0.2875
1.5 6 39 0.2875
1.5 7 20 0.2275
1.5 7 21 0.2275
1.5 7 22 0.2275
1.5 7 23 0.2275
1.5 7 24 0.2275
1.5 7 25 0.2275
1.5 7 26 0.2275
1.5 7 27 0.2275
1.5 7 28 0.2275
1.5 7 29 0.2275
1.5 7 30 0.2275
1.5 7 31 0.2275
1.5 7 32 0.2275
1.5 7 33 0.2275
1.5 7 34 0.2275
1.5 7 35 0.2275
1.5 7 36 0.2275
1.5 7 37 0.2275
1.5 7 38 0.2275
1.5 7 39 0.2275
1.5 8 20 0.185
1.5 8 21 0.185
1.5 8 22 0.185
1.5 8 23 0.185
1.5 8 24 0.185
1.5 8 25 0.185
1.5 8 26 0.185
1.5 8 27 0.185
1.5 8 28 0.185
1.5 8 29 0.185
1.5 8 30 0.185
1.5 8 31 0.185
1.5 8 32 0.185
1.5 8 33 0.185
1.5 8 34 0.185
1.5 8 35 0.185
1.5 8 36 0.185
1.5 8 37 0.185
1.5 8 38 0.185
1.5 8 39 0.185
1.5 9 20 0.145
1.5 9 21 0.145
1.5 9 22 0.145
1.5 9 23 0.145
1.5 9 24 0.145
1.5 9 25 0.145
1.5 9 26 0.145
1.5 9 27 0.145
1.5 9 28 0.145
1.5 9 29 0.145
1.5 9 30 0.145
1.5 9 31 0.145
1.5 9 32 0.145
1.5 9 33 0.145
1.5 9 34 0.145
1.5 9 35 0.145
1.5 9 36 0.145
1.5 9 37 0.145
1.5 9 38 0.145
1.5 9 39 0.145
1.6 1 20 0.8525
1.6 1 21 0.8525
1.6 1 22 0.8525
1.6 1 23 0.8525
1.6 1 24 0.8525
1.6 1 25 0.8525
1.6 1 26 0.8525
1.6 1 27 0.8525
1.6 1 28 0.8525
1.6 1 29 0.8525
1.6 1 30 0.8525
1.6 1 31 0.8525
1.6 1 32 0.8525
1.6 1 33 0.8525
1.6 1 34 0.8525
1.6 1 35 0.8525
1.6 1 36 0.8525
1.6 1 37 0.8525
1.6 1 38 0.8525
1.6 1 39 0.8525
1.6 2 20 0.7625
1.6 2 21 0.7625
1.6 2 22 0.7625
1.6 2 23 0.7625
1.6 2 24 0.7625
1.6 2 25 0.7625
1.6 2 26 0.7625
1.6 2 27 0.7625
1.6 2 28 0.7625
1.6 2 29 0.7625
1.6 2 30 0.7625
1.6 2 31 0.7625
1.6 2 32 0.7625
1.6 2 33 0.7625
1.6 2 34 0.7625
1.6 2 35 0.7625
1.6 2 36 0.7625
1.6 2 37 0.7625
1.6 2 38 0.7625
1.6 2 39 0.7625
1.6 3 20 0.7
1.6 3 21 0.7
1.6 3 22 0.7
1.6 3 23 0.7
1.6 3 24 0.7
1.6 3 25 0.7
1.6 3 26 0.7
1.6 3 27 0.7
1.6 3 28 0.7
1.6 3 29 0.7
1.6 3 30 0.7
1.6 3 31 0.7
1.6 3 32 0.7
1.6 3 33 0.7
1.6 3 34 0.7
1.6 3 35 0.7
1.6 3 36 0.7
1.6 3 37 0.7
1.6 3 38 0.7
1.6 3 39 0.7
1.6 4 20 0.6125
1.6 4 21 0.6125
1.6 4 22 0.6125
1.6 4 23 0.6125
1.6 4 24 0.6125
1.6 4 25 0.6125
1.6 4 26 0.6125
1.6 4 27 0.6125
1.6 4 28 0.6125
1.6 4 29 0.6125
1.6 4 30 0.6125
1.6 4 31 0.6125
1.6 4 32 0.6125
1.6 4 33 0.6125
1.6 4 34 0.6125
1.6 4 35 0.6125
1.6 4 36 0.6125
1.6 4 37 0.6125
1.6 4 38 0.6125
1.6 4 39 0.6125
1.6 5 20 0.4975
1.6 5 21 0.4975
1.6 5 22 0.4975
1.6 5 23 0.4975
1.6 5 24 0.4975
1.6 5 25 0.4975
1.6 5 26 0.4975
1.6 5 27 0.4975
1.6 5 28 0.4975
1.6 5 29 0.4975
1.6 5 30 0.4975
1.6 5 31 0.4975
1.6 5 32 0.4975
1.6 5 33 0.4975
1.6 5 34 0.4975
1.6 5 35 0.4975
1.6 5 36 0.4975
1.6 5 37 0.4975
1.6 5 38 0.4975
1.6 5 39 0.4975
1.6 6 20 0.385
1.6 6 21 0.385
1.6 6 22 0.385
1.6 6 23 0.385
1.6 6 24 0.385
1.6 6 25 0.385
1.6 6 26 0.385
1.6 6 27 0.385
1.6 6 28 0.385
1.6 6 29 0.385
1.6 6 30 0.385
1.6 6 31 0.385
1.6 6 32 0.385
1.6 6 33 0.385
1.6 6 34 0.385
1.6 6 35 0.385
1.6 6 36 0.385
1.6 6 37 0.385
1.6 6 38 0.385
1.6 6 39 0.385
1.6 7 20 0.2825
1.6 7 21 0.2825
1.6 7 22 0.2825
1.6 7 23 0.2825
1.6 7 24 0.2825
1.6 7 25 0.2825
1.6 7 26 0.2825
1.6 7 27 0.2825
1.6 7 28 0.2825
1.6 7 29 0.2825
1.6 7 30 0.2825
1.6 7 31 0.2825
1.6 7 32 0.2825
1.6 7 33 0.2825
1.6 7 34 0.2825
1.6 7 35 0.2825
1.6 7 36 0.2825
1.6 7 37 0.2825
1.6 7 38 0.2825
1.6 7 39 0.2825
1.6 8 20 0.195
1.6 8 21 0.195
1.6 8 22 0.195
1.6 8 23 0.195
1.6 8 24 0.195
1.6 8 25 0.195
1.6 8 26 0.195
1.6 8 27 0.195
1.6 8 28 0.195
1.6 8 29 0.195
1.6 8 30 0.195
1.6 8 31 0.195
1.6 8 32 0.195
1.6 8 33 0.195
1.6 8 34 0.195
1.6 8 35 0.195
1.6 8 36 0.195
1.6 8 37 0.195
1.6 8 38 0.195
1.6 8 39 0.195
1.6 9 20 0.075
1.6 9 21 0.075
1.6 9 22 0.075
1.6 9 23 0.075
1.6 9 24 0.075
1.6 9 25 0.075
1.6 9 26 0.075
1.6 9 27 0.075
1.6 9 28 0.075
1.6 9 29 0.075
1.6 9 30 0.075
1.6 9 31 0.075
1.6 9 32 0.075
1.6 9 33 0.075
1.6 9 34 0.075
1.6 9 35 0.075
1.6 9 36 0.075
1.6 9 37 0.075
1.6 9 38 0.075
1.6 9 39 0.075
1.7 1 20 0.2375
1.7 1 21 0.2375
1.7 1 22 0.2375
1.7 1 23 0.2375
1.7 1 24 0.2375
1.7 1 25 0.2375
1.7 1 26 0.2375
1.7 1 27 0.2375
1.7 1 28 0.2375
1.7 1 29 0.2375
1.7 1 30 0.2375
1.7 1 31 0.2375
1.7 1 32 0.2375
1.7 1 33 0.2375
1.7 1 34 0.2375
1.7 1 35 0.2375
1.7 1 36 0.2375
1.7 1 37 0.2375
1.7 1 38 0.2375
1.7 1 39 0.2375
1.7 2 20 0.1575
1.7 2 21 0.1575
1.7 2 22 0.1575
1.7 2 23 0.1575
1.7 2 24 0.1575
1.7 2 25 0.1575
1.7 2 26 0.1575
1.7 2 27 0.1575
1.7 2 28 0.1575
1.7 2 29 0.1575
1.7 2 30 0.1575
1.7 2 31 0.1575
1.7 2 32 0.1575
1.7 2 33 0.1575
1.7 2 34 0.1575
1.7 2 35 0.1575
1.7 2 36 0.1575
1.7 2 37 0.1575
1.7 2 38 0.1575
1.7 2 39 0.1575
1.7 3 20 0.11
1.7 3 21 0.11
1.7 3 22 0.11
1.7 3 23 0.11
1.7 3 24 0.11
1.7 3 25 0.11
1.7 3 26 0.11
1.7 3 27 0.11
1.7 3 28 0.11
1.7 3 29 0.11
1.7 3 30 0.11
1.7 3 31 0.11
1.7 3 32 0.11
1.7 3 33 0.11
1.7 3 34 0.11
1.7 3 35 0.11
1.7 3 36 0.11
1.7 3 37 0.11
1.7 3 38 0.11
1.7 3 39 0.11
1.7 4 20 0.0625
1.7 4 21 0.0625
1.7 4 22 0.0625
1.7 4 23 0.0625
1.7 4 24 0.0625
1.7 4 25 0.0625
1.7 4 26 0.0625
1.7 4 27 0.0625
1.7 4 28 0.0625
1.7 4 29 0.0625
1.7 4 30 0.0625
1.7 4 31 0.0625
1.7 4 32 0.0625
1.7 4 33 0.0625
1.7 4 34 0.0625
1.7 4 35 0.0625
1.7 4 36 0.0625
1.7 4 37 0.0625
1.7 4 38 0.0625
1.7 4 39 0.0625
1.7 5 20 0.035
1.7 5 21 0.035
1.7 5 22 0.035
1.7 5 23 0.035
1.7 5 24 0.035
1.7 5 25 0.035
1.7 5 26 0.035
1.7 5 27 0.035
1.7 5 28 0.035
1.7 5 29 0.035
1.7 5 30 0.035
1.7 5 31 0.035
1.7 5 32 0.035
1.7 5 33 0.035
1.7 5 34 0.035
1.7 5 35 0.035
1.7 5 36 0.035
1.7 5 37 0.035
1.7 5 38 0.035
1.7 5 39 0.035
1.7 6 20 0.01
1.7 6 21 0.01
1.7 6 22 0.01
1.7 6 23 0.01
1.7 6 24 0.01
1.7 6 25 0.01
1.7 6 26 0.01
1.7 6 27 0.01
1.7 6 28 0.01
1.7 6 29 0.01
1.7 6 30 0.01
1.7 6 31 0.01
1.7 6 32 0.01
1.7 6 33 0.01
1.7 6 34 0.01
1.7 6 35 0.01
1.7 6 36 0.01
1.7 6 37 0.01
1.7 6 38 0.01
1.7 6 39 0.01
1.7 7 20 0.005
1.7 7 21 0.005
1.7 7 22 0.005
1.7 7 23 0.005
1.7 7 24 0.005
1.7 7 25 0.005
1.7 7 26 0.005
1.7 7 27 0.005
1.7 7 28 0.005
1.7 7 29 0.005
1.7 7 30 0.005
1.7 7 31 0.005
1.7 7 32 0.005
1.7 7 33 0.005
1.7 7 34 0.005
1.7 7 35 0.005
1.7 7 36 0.005
1.7 7 37 0.005
1.7 7 38 0.005
1.7 7 39 0.005
1.7 8 20 0.0
1.7 8 21 0.0
1.7 8 22 0.0
1.7 8 23 0.0
1.7 8 24 0.0
1.7 8 25 0.0
1.7 8 26 0.0
1.7 8 27 0.0
1.7 8 28 0.0
1.7 8 29 0.0
1.7 8 30 0.0
1.7 8 31 0.0
1.7 8 32 0.0
1.7 8 33 0.0
1.7 8 34 0.0
1.7 8 35 0.0
1.7 8 36 0.0
1.7 8 37 0.0
1.7 8 38 0.0
1.7 8 39 0.0
1.7 9 20 0.0
1.7 9 21 0.0
1.7 9 22 0.0
1.7 9 23 0.0
1.7 9 24 0.0
1.7 9 25 0.0
1.7 9 26 0.0
1.7 9 27 0.0
1.7 9 28 0.0
1.7 9 29 0.0
1.7 9 30 0.0
1.7 9 31 0.0
1.7 9 32 0.0
1.7 9 33 0.0
1.7 9 34 0.0
1.7 9 35 0.0
1.7 9 36 0.0
1.7 9 37 0.0
1.7 9 38 0.0
1.7 9 39 0.0
1.8 1 20 0.55
1.8 1 21 0.55
1.8 1 22 0.55
1.8 1 23 0.55
1.8 1 24 0.55
1.8 1 25 0.55
1.8 1 26 0.55
1.8 1 27 0.55
1.8 1 28 0.55
1.8 1 29 0.55
1.8 1 30 0.55
1.8 1 31 0.55
1.8 1 32 0.55
1.8 1 33 0.55
1.8 1 34 0.55
1.8 1 35 0.55
1.8 1 36 0.55
1.8 1 37 0.55
1.8 1 38 0.55
1.8 1 39 0.55
1.8 2 20 0.48
1.8 2 21 0.48
1.8 2 22 0.48
1.8 2 23 0.48
1.8 2 24 0.48
1.8 2 25 0.48
1.8 2 26 0.48
1.8 2 27 0.48
1.8 2 28 0.48
1.8 2 29 0.48
1.8 2 30 0.48
1.8 2 31 0.48
1.8 2 32 0.48
1.8 2 33 0.48
1.8 2 34 0.48
1.8 2 35 0.48
1.8 2 36 0.48
1.8 2 37 0.48
1.8 2 38 0.48
1.8 2 39 0.48
1.8 3 20 0.385
1.8 3 21 0.385
1.8 3 22 0.385
1.8 3 23 0.385
1.8 3 24 0.385
1.8 3 25 0.385
1.8 3 26 0.385
1.8 3 27 0.385
1.8 3 28 0.385
1.8 3 29 0.385
1.8 3 30 0.385
1.8 3 31 0.385
1.8 3 32 0.385
1.8 3 33 0.385
1.8 3 34 0.385
1.8 3 35 0.385
1.8 3 36 0.385
1.8 3 37 0.385
1.8 3 38 0.385
1.8 3 39 0.385
1.8 4 20 0.3075
1.8 4 21 0.3075
1.8 4 22 0.3075
1.8 4 23 0.3075
1.8 4 24 0.3075
1.8 4 25 0.3075
1.8 4 26 0.3075
1.8 4 27 0.3075
1.8 4 28 0.3075
1.8 4 29 0.3075
1.8 4 30 0.3075
1.8 4 31 0.3075
1.8 4 32 0.3075
1.8 4 33 0.3075
1.8 4 34 0.3075
1.8 4 35 0.3075
1.8 4 36 0.3075
1.8 4 37 0.3075
1.8 4 38 0.3075
1.8 4 39 0.3075
1.8 5 20 0.2425
1.8 5 21 0.2425
1.8 5 22 0.2425
1.8 5 23 0.2425
1.8 5 24 0.2425
1.8 5 25 0.2425
1.8 5 26 0.2425
1.8 5 27 0.2425
1.8 5 28 0.2425
1.8 5 29 0.2425
1.8 5 30 0.2425
1.8 5 31 0.2425
1.8 5 32 0.2425
1.8 5 33 0.2425
1.8 5 34 0.2425
1.8 5 35 0.2425
1.8 5 36 0.2425
1.8 5 37 0.2425
1.8 5 38 0.2425
1.8 5 39 0.2425
1.8 6 20 0.1975
1.8 6 21 0.1975
1.8 6 22 0.1975
1.8 6 23 0.1975
1.8 6 24 0.1975
1.8 6 25 0.1975
1.8 6 26 0.1975
1.8 6 27 0.1975
1.8 6 28 0.1975
1.8 6 29 0.1975
1.8 6 30 0.1975
1.8 6 31 0.1975
1.8 6 32 0.1975
1.8 6 33 0.1975
1.8 6 34 0.1975
1.8 6 35 0.1975
1.8 6 36 0.1975
1.8 6 37 0.1975
1.8 6 38 0.1975
1.8 6 39 0.1975
1.8 7 20 0.14
1.8 7 21 0.14
1.8 7 22 0.14
1.8 7 23 0.14
1.8 7 24 0.14
1.8 7 25 0.14
1.8 7 26 0.14
1.8 7 27 0.14
1.8 7 28 0.14
1.8 7 29 0.14
1.8 7 30 0.14
1.8 7 31 0.14
1.8 7 32 0.14
1.8 7 33 0.14
1.8 7 34 0.14
1.8 7 35 0.14
1.8 7 36 0.14
1.8 7 37 0.14
1.8 7 38 0.14
1.8 7 39 0.14
1.8 8 20 0.0925
1.8 8 21 0.0925
1.8 8 22 0.0925
1.8 8 23 0.0925
1.8 8 24 0.0925
1.8 8 25 0.0925
1.8 8 26 0.0925
1.8 8 27 0.0925
1.8 8 28 0.0925
1.8 8 29 0.0925
1.8 8 30 0.0925
1.8 8 31 0.0925
1.8 8 32 0.0925
1.8 8 33 0.0925
1.8 8 34 0.0925
1.8 8 35 0.0925
1.8 8 36 0.0925
1.8 8 37 0.0925
1.8 8 38 0.0925
1.8 8 39 0.0925
1.8 9 20 0.04
1.8 9 21 0.04
1.8 9 22 0.04
1.8 9 23 0.04
1.8 9 24 0.04
1.8 9 25 0.04
1.8 9 26 0.04
1.8 9 27 0.04
1.8 9 28 0.04
1.8 9 29 0.04
1.8 9 30 0.04
1.8 9 31 0.04
1.8 9 32 0.04
1.8 9 33 0.04
1.8 9 34 0.04
1.8 9 35 0.04
1.8 9 36 0.04
1.8 9 37 0.04
1.8 9 38 0.04
1.8 9 39 0.04
1.9 1 20 0.7625
1.9 1 21 0.7625
1.9 1 22 0.7625
1.9 1 23 0.7625
1.9 1 24 0.7625
1.9 1 25 0.7625
1.9 1 26 0.7625
1.9 1 27 0.7625
1.9 1 28 0.7625
1.9 1 29 0.7625
1.9 1 30 0.7625
1.9 1 31 0.7625
1.9 1 32 0.7625
1.9 1 33 0.7625
1.9 1 34 0.7625
1.9 1 35 0.7625
1.9 1 36 0.7625
1.9 1 37 0.7625
1.9 1 38 0.7625
1.9 1 39 0.7625
1.9 2 20 0.6825
1.9 2 21 0.6825
1.9 2 22 0.6825
1.9 2 23 0.6825
1.9 2 24 0.6825
1.9 2 25 0.6825
1.9 2 26 0.6825
1.9 2 27 0.6825
1.9 2 28 0.6825
1.9 2 29 0.6825
1.9 2 30 0.6825
1.9 2 31 0.6825
1.9 2 32 0.6825
1.9 2 33 0.6825
1.9 2 34 0.6825
1.9 2 35 0.6825
1.9 2 36 0.6825
1.9 2 37 0.6825
1.9 2 38 0.6825
1.9 2 39 0.6825
1.9 3 20 0.6275
1.9 3 21 0.6275
1.9 3 22 0.6275
1.9 3 23 0.6275
1.9 3 24 0.6275
1.9 3 25 0.6275
1.9 3 26 0.6275
1.9 3 27 0.6275
1.9 3 28 0.6275
1.9 3 29 0.6275
1.9 3 30 0.6275
1.9 3 31 0.6275
1.9 3 32 0.6275
1.9 3 33 0.6275
1.9 3 34 0.6275
1.9 3 35 0.6275
1.9 3 36 0.6275
1.9 3 37 0.6275
1.9 3 38 0.6275
1.9 3 39 0.6275
1.9 4 20 0.575
1.9 4 21 0.575
1.9 4 22 0.575
1.9 4 23 0.575
1.9 4 24 0.575
1.9 4 25 0.575
1.9 4 26 0.575
1.9 4 27 0.575
1.9 4 28 0.575
1.9 4 29 0.575
1.9 4 30 0.575
1.9 4 31 0.575
1.9 4 32 0.575
1.9 4 33 0.575
1.9 4 34 0.575
1.9 4 35 0.575
1.9 4 36 0.575
1.9 4 37 0.575
1.9 4 38 0.575
1.9 4 39 0.575
1.9 5 20 0.505
1.9 5 21 0.505
1.9 5 22 0.505
1.9 5 23 0.505
1.9 5 24 0.505
1.9 5 25 0.505
1.9 5 26 0.505
1.9 5 27 0.505
1.9 5 28 0.505
1.9 5 29 0.505
1.9 5 30 0.505
1.9 5 31 0.505
1.9 5 32 0.505
1.9 5 33 0.505
1.9 5 34 0.505
1.9 5 35 0.505
1.9 5 36 0.505
1.9 5 37 0.505
1.9 5 38 0.505
1.9 5 39 0.505
1.9 6 20 0.455
1.9 6 21 0.455
1.9 6 22 0.455
1.9 6 23 0.455
1.9 6 24 0.455
1.9 6 25 0.455
1.9 6 26 0.455
1.9 6 27 0.455
1.9 6 28 0.455
1.9 6 29 0.455
1.9 6 30 0.455
1.9 6 31 0.455
1.9 6 32 0.455
1.9 6 33 0.455
1.9 6 34 0.455
1.9 6 35 0.455
1.9 6 36 0.455
1.9 6 37 0.455
1.9 6 38 0.455
1.9 6 39 0.455
1.9 7 20 0.375
1.9 7 21 0.375
1.9 7 22 0.375
1.9 7 23 0.375
1.9 7 24 0.375
1.9 7 25 0.375
1.9 7 26 0.375
1.9 7 27 0.375
1.9 7 28 0.375
1.9 7 29 0.375
1.9 7 30 0.375
1.9 7 31 0.375
1.9 7 32 0.375
1.9 7 33 0.375
1.9 7 34 0.375
1.9 7 35 0.375
1.9 7 36 0.375
1.9 7 37 0.375
1.9 7 38 0.375
1.9 7 39 0.375
1.9 8 20 0.3125
1.9 8 21 0.3125
1.9 8 22 0.3125
1.9 8 23 0.3125
1.9 8 24 0.3125
1.9 8 25 0.3125
1.9 8 26 0.3125
1.9 8 27 0.3125
1.9 8 28 0.3125
1.9 8 29 0.3125
1.9 8 30 0.3125
1.9 8 31 0.3125
1.9 8 32 0.3125
1.9 8 33 0.3125
1.9 8 34 0.3125
1.9 8 35 0.3125
1.9 8 36 0.3125
1.9 8 37 0.3125
1.9 8 38 0.3125
1.9 8 39 0.3125
1.9 9 20 0.2375
1.9 9 21 0.2375
1.9 9 22 0.2375
1.9 9 23 0.2375
1.9 9 24 0.2375
1.9 9 25 0.2375
1.9 9 26 0.2375
1.9 9 27 0.2375
1.9 9 28 0.2375
1.9 9 29 0.2375
1.9 9 30 0.2375
1.9 9 31 0.2375
1.9 9 32 0.2375
1.9 9 33 0.2375
1.9 9 34 0.2375
1.9 9 35 0.2375
1.9 9 36 0.2375
1.9 9 37 0.2375
1.9 9 38 0.2375
1.9 9 39 0.2375
